R =

    1.0000    0.2713
    0.2713    1.0000


A =

   19.0544


A_notMatlab =

   19.0544


maxCorr =

    0.2802


AttentionAverage =

   35.4694